1262
622
122
-968
-147
118
676
1143
-1761
754
-4173
16
-873
474
54
946
746
-614
-144
128
-861
-731
-1257
298
-3306
310
-1169
-696
-2202
578
-3125
-1036
-3984
81
699
-343
-1417
-1073
-631
1191
1304
-318
-106
772
-1280
224
-1275
-1383
793
-389
-705
453
1640
-1256
-1373
-461
1867
-1282
-165
434
415
594
-55
-1150
-1915
309
-330
227
525
732
-615
-663
-2242
-2895
-326
-698
-1989
-1631
-538
506
-93
-2338
544
-4150
-2377
774
-504
-1480
-313
-1212
-303
193
-2088
264
669
829
17
-805
1359
1592
651
-2409
-3870
757
-701
-3027
-2691
-757
-746
-1489
345
-38
260
-1119
252
732
-3950
-2239
1064
-1192
-2242
979
-1047
-843
-578
-333
-313
-2133
-1405
-609
-1542
234
399
-2899
-1020
1160
439
181
-588
-425
-781
-1480
916
1428
-1575
-169
-1192
-1292
206
-14
1214
2131
-1147
401
-1969
784
717
-1755
-2408
2396
-410
-546
-1033
-1259
-2502
178
1218
1684
741
-545
367
-521
-950
321
-540
780
2274
-1422
304
-2404
-45
-2522
506
-1025
158
-903
-355
-1900
566
-1880
872
551
-490
1710
-807
745
-101
-777
-2690
1055
708
-2932
-3378
435
-810
-2281
172
-4578
-3128
358
208
368
-130
-1369
-1187
-669
555
-1018
127
-2898
641
855
958
64
-3782
-1297
-1472
-2637
-2265
-1107
-896
-391
-1500
-1682
-4928
-202
1758
-2745
-611
204
566
-782
669
526
-524
-856
-2432
-107
-1747
-4027
-1950
1294
-797
-1578
170
-40
