-1162
-1367
-1883
-1024
-1704
-1242
11
-570
-2381
-1800
-1062
-2169
-1299
-3032
-1346
-1374
-764
-282
-498
-798
-288
-1419
-1524
-1003
-945
-1741
-243
-508
128
-1538
-1147
-388
-173
-1461
-845
-1640
30
-1630
-375
-731
-360
-564
-1041
-398
-651
-1024
-1210
-1128
-215
-682
-1631
-2870
-2166
-1425
-1661
-486
-1873
-1808
-1381
-159
-286
-16
-222
-234
-1465
-184
-1500
-141
-692
-176
-503
-1043
-1858
-2289
-1828
-470
-185
-1393
-1015
-706
-1142
-669
-918
-421
-949
-935
-1570
-51
-2055
-1380
-626
-558
-210
-848
-4168
-1637
-1417
-852
-1480
-1113
-1067
-1532
-184
-1131
-945
-121
-906
-1014
-851
-1549
-2618
-554
159
-1707
-377
-678
-649
-2109
-578
-2752
-1165
-393
-1664
-265
-1011
-581
-1113
-1063
-1112
-595
-851
-590
-1296
-1201
-810
-1187
-693
-1110
-1136
-293
-779
-904
-1233
-468
-2356
-505
-811
-1869
-1208
-2647
-1445
-257
-925
-1192
-934
41
-1199
-396
-1297
-1250
-332
-1224
-1107
-462
-561
-143
-1278
-1520
-1075
-760
-331
-1505
-1326
-1570
-389
-1037
-358
-1242
-951
-14
-1122
-635
-123
-1147
-1481
-1017
-2256
-622
-1437
-746
-1017
-645
-1426
-1589
-2213
-736
-786
-1150
-588
-987
-1077
-886
-1492
-709
-603
-896
-478
-770
269
-958
-1550
-1180
-604
-430
-1037
-1394
-1206
-793
-547
-873
-1066
-669
-538
-616
-1529
-1827
-642
-1287
-378
-745
-1417
-152
-599
-494
-674
-760
-1806
-1153
-729
-577
-721
-2755
-251
-712
-939
-1514
-902
-378
-856
-1975
-1813
-1938
-783
-1138
-26
-408
-1787
-726
-418
-2177
-715
-1865
-262
-1831
-806
-1047
-2717
-1493
-1573
-1111
-597
-947
-12
-368
-2436
-1796
-1326
-2244
-1150
-835
-1372
-650
-209
-463
-1624
-1147
-2270
-1214
-1273
-234
-840
-2781
-217
-950
-1793
-581
-422
-309
-999
-1361
-845
-206
-1316
-1511
-745
-817
-738
-1646
-1331
-1859
-1019
-150
-836
-698
-1990
-365
-451
-2013
-722
-673
-949
-1819
-429
-714
-670
-334
-1394
-647
-483
-42
38
-2331
-1256
-657
-569
-862
-349
-1173
-587
-61
-1183
-985
-790
-1614
-532
-1224
-410
-994
-2463
-1544
-1117
-1613
-4
-596
-100
-729
-744
-1104
-367
-514
-1292
-1297
-1127
-1633
-2651
-1368
-2244
-553
-794
-1662
-836
-1720
-1333
-1134
-525
-68
-1347
-553
-567
-1907
-3085
-737
-1198
-2075
-2113
-1050
-945
-1138
-1706
-762
364
-1147
-2135
-213
-1603
-501
-3526
-1996
-244
-826
-410
-430
-1238
-1111
-2000
-1756
-819
-2373
-1408
-1168
-549
-943
-328
-971
-1849
-1025
-1341
-885
-2061
-742
-1461
-3238
-782
-684
-516
-706
-418
-1037
233
-959
-1876
-611
-336
-800
-1088
-386
-1199
-892
-901
-3325
-959
-1901
-562
-1945
-898
-1477
-217
-2397
-268
-232
-1133
-2206
-965
-859
-1279
-1473
-1401
-576
-101
-815
-560
-256
-1576
-374
-2312
-1332
-1541
-274
-1820
-697
-978
-2071
-1445
-960
-1665
-962
-1185
-742
-1138
-801
-3022
-1386
-1311
-1877
-1170
-1669
-1843
-293
-2015
-1183
-384
-2916
-1404
-36
-1151
-504
-109
-1033
-936
-2400
-1733
-158
-1096
-541
-442
-445
-641
2
-286
-3276
-485
-1148
