-1134
-1582
-922
-1382
-1467
-1623
-1381
-1605
-1584
-2117
-1118
-1358
-935
-815
-905
-1057
-1659
-2425
-1453
-316
-1432
-1192
-1169
-1508
-747
-1183
-1390
-1040
-1545
-1302
-820
341
-2107
-1398
-1038
-350
-191
-1252
-1496
-811
-1332
-1042
-1090
-444
-1352
383
-958
-475
-82
412
-2637
589
-1334
-676
-772
-1665
-1170
-583
-938
-1315
-1696
-1117
-1309
-1091
-1492
-913
-743
-750
-1060
-1478
-1511
-1377
-1050
-1628
-1305
-1323
-1293
-2140
-1251
-1093
-1400
-1591
-970
-894
-1200
-905
-1488
-1215
-156
-1304
-1393
-1035
-1260
-1563
-994
-1474
-1462
-1334
-1359
-1428
-1799
-1300
-1302
-1167
-992
-1317
-42
-631
-1180
-797
-672
-267
-753
-732
182
-1475
-1221
-1149
-1092
-1064
-841
-1188
-1458
-1465
-1362
-1386
-1161
-517
-1488
-1721
-1636
-1321
-1580
-1196
-1211
-1128
-1119
184
-287
-1232
-783
-1485
-1369
-1248
-2513
461
-1070
-1141
-1224
-1535
-1061
-775
-1227
-2272
-936
-1292
-1033
-1115
-1167
170
-1494
-1274
-1178
-816
-1253
-2963
-1233
-1290
-1570
-1130
-1412
-106
-1523
-1113
-1447
121
-1590
-1476
-1339
-1868
-1434
-1329
-1468
192
-1281
-1333
-1201
324
-858
-1272
-1467
-1322
-1292
-1084
-1163
-1561
-1123
-889
-1284
-1183
-1407
-1204
795
-1196
-1120
-1453
-1415
-1098
-1902
-1158
-1256
-1465
195
-1137
-1299
-704
-1380
-1327
-1289
-1349
-1488
-883
-1973
-829
-915
-2044
-1569
-1065
-1541
-1658
-694
-1543
-1361
-800
-1399
-1118
-682
-1253
-1058
-1207
-1342
-958
-1153
-1314
-171
-960
-1143
-1300
-1221
-2717
-1348
-1448
-1190
-886
-1617
-1381
-1860
-1198
-2718
-2302
-1367
365
384
-1244
-788
-1290
-1205
-465
-1144
-1065
-1457
-1568
51
-993
-1116
-2750
-901
-972
-1996
-642
-849
-1197
-779
-1641
-1506
-1475
-1456
-1185
-1257
-1276
-128
-1323
-269
-2651
-1733
155
-1244
-1172
-1156
-1128
-377
-636
335
181
-1128
-1322
-1196
-1320
-1148
-193
-1244
-1120
-1142
-1463
397
-1082
-1413
-1339
-1205
-768
-334
-1342
-870
-1504
234
-1365
-1412
-828
-1338
-1868
-1464
-405
-1210
-898
-1414
-1104
-1197
152
-768
-1449
-978
-263
-1494
-1161
-1198
-989
-1537
-1305
-1428
-1098
-1741
-1792
-1344
-1423
-1323
537
-1422
-1025
-1321
-2677
-1562
-1208
-1233
-320
-151
-1616
-1392
-1553
-1313
-1589
-1883
-1050
-1252
-1237
-976
-1457
145
-1525
50
-1646
-681
-1958
-1263
-1312
-1472
-251
-1325
-1222
-1325
-2955
-1372
-621
-1131
-2566
-817
-1973
-1270
-1344
-55
-1220
-1567
582
-1222
-1217
-998
556
-1357
-1182
-1377
-1608
-734
-1312
-1100
-269
-2542
-1090
-958
-690
-838
-1072
589
-1034
-1473
-1986
-1262
-1409
591
485
469
-1377
-2596
-1177
-1732
-1551
-1611
-1524
-1353
-642
-2750
-729
-1392
-956
-209
-889
-1434
-1315
-1378
580
-1009
-611
-861
-1619
-1016
-1477
-1148
-1515
-1481
243
-1285
-1245
-1223
-554
-1562
-1507
-1451
-1519
-1162
-1262
-1841
-1048
-2186
-1078
-1184
-1760
-245
-529
-145
-1237
-1403
-1355
-1241
-1041
-1281
-1189
-1068
-1310
-1286
-1005
-1249
-1139
-1117
-1189
-605
-967
-1242
-1322
-1384
-1226
-984
-1096
-1214
-1235
-1031
-1348
-1159
-1046
-1579
87
-1336
-1326
-2026
-1093
