-19
-533
-620
-787
-447
-451
-700
-258
7
-565
-636
-581
-536
-448
-2724
-563
-998
-226
71
-605
-62
-796
-858
-35
-197
-437
-118
-187
-332
-294
-1670
-40
-45
-725
-679
-1228
-254
-303
137
-37
-204
-523
-669
-90
-752
-440
-753
-429
-652
-469
-1052
-1476
-1046
-88
-477
-312
-403
-125
-241
-1099
-113
-986
-758
-133
-864
-1796
-146
-1727
-159
-287
-276
-329
-56
-898
-479
-306
-229
-534
-34
-167
-197
-258
-212
-192
-225
-978
-503
-130
-503
-1355
-142
-419
-602
-677
-187
-246
-264
-321
-369
-1605
-1007
-1412
-2055
-149
-122
-74
-258
-751
-216
-528
-228
-766
-38
-493
-346
-24
-1445
-666
-59
-319
-3036
-191
-22
-116
-265
-296
-903
-1196
-225
-591
-1117
-342
-481
-913
-1131
-1051
-415
-792
-807
-1164
-805
-531
-635
-390
-1874
-607
-94
-622
-299
-88
-656
-2237
-485
-88
-78
-1938
-366
-741
-1258
-351
-553
-1294
-294
-323
-210
-1516
-151
-1714
-1245
-149
-257
-790
-59
-2095
-243
-545
-450
-745
-299
-453
-715
-360
-731
-371
-887
-192
-215
-556
-1233
-1237
-316
-1874
-217
-1166
-567
-184
-508
-393
-214
-140
-296
-1256
-1164
-109
-443
-55
-119
-266
-643
-694
-353
-211
-395
-557
-749
-830
-611
-1017
-2025
-779
-983
-179
-350
-260
-708
-123
-498
-145
-744
-1514
-146
-385
-851
-1575
-134
-105
1352
-555
-444
-877
-1793
-728
-555
-979
-217
-899
-698
-240
-90
-69
-245
-119
93
-207
-2191
-310
-680
-341
-861
-104
-99
-1242
-740
-685
-183
-401
-294
-2587
-617
-281
-69
-495
-812
-768
-545
-381
-235
-778
-1002
-164
-2618
-143
-61
-676
-29
-566
-826
-1200
-1098
-238
-757
-809
-497
-368
-366
-703
-1942
-1794
-271
-1172
-172
-2716
151
-441
-215
-136
-2249
-854
-229
-255
-112
-215
-1053
-39
-31
-1177
-813
-951
-1446
-169
-56
-128
-522
-302
-251
-1776
-1723
-187
-124
-104
-618
-4
-1404
-287
-1088
-78
-226
-2026
-506
-781
-644
-144
-187
-877
-699
-84
-1121
-106
-1138
-75
-181
-64
-621
-1344
-529
-359
-36
-306
-195
-65
-370
-322
-612
-194
-425
-2162
-741
-281
-868
-392
-622
-2127
-492
-324
-504
-975
-448
-849
-1911
-358
-445
-1008
-668
-717
-285
-128
-2343
-1091
-857
-958
-730
-351
-644
-282
-44
-671
-303
-278
-389
-1461
-964
-239
-749
-201
-276
-469
-373
-676
-1186
-553
-56
-531
-2092
-47
-377
-393
-794
-152
-2206
-287
-487
-107
-839
-23
-435
-2346
-78
-49
-280
-78
-964
-208
-523
-259
-56
-625
-650
-62
-982
-235
-73
-143
-859
-1672
-141
-356
-462
-820
-227
-1797
-1446
-1451
-611
-398
43
-2415
-566
138
-814
-830
-1764
-908
-939
-868
-613
-148
-980
-1138
-656
-211
-916
-1416
-529
-231
-381
234
-414
-389
-862
-406
-520
-1243
-207
-209
-695
-119
-234
-266
-800
-422
-1445
-321
-311
-578
-165
-626
-251
-878
-366
-127
-186
-955
-791
-486
-130
-2543
-832
-1112
50
-1405
-341
-793
