-953
-1136
-1357
-1667
245
-1656
-1260
-2339
-1531
-1523
-1516
-1096
-1242
-1756
-656
-1417
-1390
-1509
-1299
-1771
-1360
320
-1293
-1516
-1280
-2181
-1179
-1495
-1484
-131
-556
-1392
77
492
-1404
-1015
-2084
-1630
-1044
-1300
-1822
-1207
-1913
-1424
-1273
-1615
-1479
-1443
-1781
-1333
-1498
-1001
-1295
111
-1001
-1767
-1321
-1228
-1349
-1199
-1780
-1575
-130
-1595
178
-1437
344
-1339
-1260
148
-1612
-1557
-1498
-1573
-1190
-1279
-1788
-1212
-1519
-1526
-1437
-63
-1650
-1404
-1436
-3161
-1923
-1045
-1594
-1271
-1608
-1772
313
-1828
-2048
-1996
-1158
-321
-1603
-1180
-303
-621
-1366
-1382
-1149
-1297
-1329
-1510
-1436
55
-782
-1048
-1219
-962
-1239
241
-2614
12
-1713
-1680
-1115
-1167
-1356
106
-1543
-1035
-1649
-1369
-1052
-480
-1609
-59
-1508
-2046
-1482
-1096
112
-1312
267
-1070
-1331
-1318
-1869
-2436
-1139
-1314
-966
-1221
-2000
-1583
-1898
-1553
-1546
206
-1247
-1499
110
-1438
-1968
-1433
-22
-1586
563
-1676
-1463
-1367
-1960
-1247
-1426
-1260
-128
695
-1657
-1536
-1469
-1186
99
-1236
23
-1513
-2191
-1599
-871
-1413
246
-1356
-1728
-1259
-1300
-1629
-37
-1526
-1330
-1704
-1190
-1481
-1299
-1349
-2175
-749
105
-1560
-1835
-1254
-1319
-899
-1266
-1273
-1884
-1436
-1768
-2016
-694
-1398
151
-1417
-3023
-1233
-1040
-1574
-1572
-1361
-1474
297
-1173
-1129
305
-1177
-1728
-1875
225
-2182
-1313
-1096
-1839
-1569
95
-994
-1856
-1362
-1514
450
-1849
-1185
-935
-1068
434
-1647
-1552
843
-2275
-1735
-1910
-1482
-1433
-1061
-773
-1060
-1158
-1641
-2035
-1529
-254
-1284
-1844
-2812
-1485
-1048
-1790
201
-1218
-1547
493
-1893
-1706
-2659
-1428
-1147
-933
-1228
-1164
-1160
-1225
-1303
-1522
-1561
-1898
-963
-982
-1260
-1359
-1747
-1499
-1351
-1318
-1152
-1349
-1304
-1627
-1834
18
-1700
-1812
-1465
544
-800
-1646
-1268
-1561
-1646
-1366
-1393
-1169
-1328
-1360
-1843
-1563
-606
-1670
-1224
-1571
-525
-1749
-868
-1116
-1708
-1297
-1479
-950
-1492
595
-504
-2627
-1361
-522
424
-1256
-1209
-1282
-1245
-1106
225
-1473
-2072
-1213
-1642
-2877
373
-1268
-1585
-1918
-1643
-1795
-1441
-1466
-1402
-1234
-1645
-169
-1622
-1247
-1092
-1431
-1563
-1444
-1168
-1184
-1201
-1245
-577
-1132
-1513
-1556
390
-1968
-2720
-1514
194
-234
-1831
-1498
-1192
-1018
-1279
-1708
-1232
-1364
-1524
-462
-1615
239
-1238
-905
-1126
-1308
-804
-1857
-1426
-1318
-75
-1625
-1183
-1859
228
-1547
-1248
-431
-175
-1615
-1648
-1267
-1638
616
-1424
-1632
-1434
-1198
-106
-1361
-151
201
-1045
-1721
-1038
-1601
-1672
-2128
-1372
-1219
-732
-1886
-1136
-1563
-1592
-1338
-1132
-1347
-1159
-1375
497
-1376
-367
-1102
-1263
-1406
-447
-1184
746
-1420
190
-1250
-1355
362
-1838
43
-1537
-1430
-634
-948
-1457
-1373
-1224
-1152
-1308
-1440
-744
-2556
-1367
-1267
-1184
-1572
-1527
-180
-1815
-1338
-1293
-540
-1743
-1183
-1409
-260
-1738
-1718
-1534
-1655
-1591
-1157
-1492
376
-1543
-1508
-989
-1651
-1767
-1570
-1470
-1676
-1980
-1224
392
-900
-1510
-2073
-1312
-1212
-62
-476
-1365
376
-894
-1185
-1461
