-1196
-507
-4787
1749
-1253
489
2612
1538
-2595
-4
-1367
1271
-2177
722
2013
435
144
429
2485
-1080
284
-460
-100
122
800
988
-196
-167
-2235
233
264
1808
498
1096
1749
-4953
1800
-3471
2552
767
-450
1266
865
-834
-3755
336
862
140
219
261
1156
1220
895
-233
828
315
-21
1923
1708
-3
424
-733
995
1117
1078
-1291
1348
-1473
1057
1162
-3056
-2450
382
-105
1185
550
161
179
-206
1512
1449
-2419
-185
1283
209
1241
-810
331
1545
1052
2144
-852
1501
710
-230
1778
-773
-291
4221
1007
430
-853
-1806
-970
30
1185
422
-2622
-2394
-1006
-455
-138
-628
-344
979
312
-3793
2196
594
918
1543
791
1434
-1889
846
39
-4865
1478
