-389
-533
-13
-64
-72
-193
677
370
-28
416
-312
518
70
436
-18
170
-92
267
17
-241
252
226
-239
-905
274
-69
503
-111
-70
-175
2
-586
84
611
-317
-848
484
324
177
-488
362
128
416
-106
-205
-476
99
750
113
-536
488
505
525
156
222
-207
303
-607
163
8
-1157
-29
-981
176
40
619
49
709
372
551
631
-324
656
146
208
247
188
458
560
435
-8
-18
-308
-17
3
76
362
-372
24
499
128
129
298
383
748
275
-67
916
421
-390
-1845
-985
-180
-180
-337
-1104
-225
148
129
215
398
-503
378
-1574
208
280
44
-165
-954
-119
-1150
559
210
332
-343
-500
138
509
-724
342
-322
119
-407
117
-1297
-2117
236
336
-2033
-61
723
222
637
203
237
-351
-297
110
819
491
346
463
-690
-24
-38
533
395
-914
-917
437
252
271
-1455
216
240
386
-1970
372
-895
-178
642
273
-146
404
-330
-1745
343
64
448
35
169
180
58
325
386
-502
621
224
64
-11
498
65
358
-17
317
440
1031
586
125
-443
363
546
469
70
319
3
116
-121
-437
318
89
310
-1106
820
-1504
-185
465
-2710
638
-1561
395
247
113
149
-465
-63
-267
248
942
-94
276
-883
40
59
342
-307
384
565
95
605
-1082
432
200
8
-404
29
-106
50
99
488
412
334
-33
-469
207
-275
