3653
1039
687
5923
558
796
1156
470
-38
-283
-516
658
-320
2342
-20
-120
1894
-389
-366
4745
1484
841
-344
582
-376
3440
1901
-220
-115
-133
1647
451
-147
-1569
701
5737
-344
424
972
-342
1997
2742
4044
3573
739
-389
1033
-588
3858
786
4855
1819
1581
3580
1943
-2255
-171
7016
4276
1788
-2841
-2475
1144
-122
-855
-203
2066
-2208
4651
587
3117
8745
885
5571
632
3452
17
1652
238
8480
1781
1029
9484
628
365
315
1517
802
-200
1466
231
-419
479
4272
-101
4865
402
-19
313
577
2239
547
519
1417
4387
3032
1433
-685
-4071
963
2439
701
-2598
1111
2078
502
959
495
6378
4651
-54
3159
202
-112
2952
4408
1664
4841
1443
-606
442
3243
885
-4859
1633
4052
-217
-1321
-1207
929
2519
665
-1166
532
4488
-571
676
547
-261
2549
629
3051
3009
-205
247
2605
-2530
602
-2526
563
-128
-326
-374
-270
-200
1762
-144
3693
-356
191
448
3829
962
755
168
4387
-115
-790
2053
2384
-1724
1081
1491
-184
410
305
-61
-423
4762
2075
-430
5890
-66
3199
-264
-2179
1391
3084
4371
-1155
1083
-407
1270
215
-229
-251
-78
3296
324
-791
-2403
-23
1378
-63
578
1811
2129
-184
4738
-60
-356
-353
-154
1509
1410
-148
1771
-330
990
2025
787
2652
2995
1907
1592
-482
10045
648
1430
-462
4547
965
463
-90
743
-18
-1852
1653
669
-134
-164
2786
2412
687
193
367
1911
-475
1371
417
1935
1218
4603
922
-131
-2541
-239
-70
-121
1545
10515
-68
1479
-146
353
-126
-419
854
-242
2007
9016
2155
-326
-852
-58
1575
645
3078
1093
933
-417
837
1249
700
-78
915
668
938
689
-1899
-47
536
2386
760
-87
1629
-304
-100
3111
969
-47
591
-594
-341
-401
-1370
1187
6194
2329
-958
672
4471
552
2232
696
766
1408
5184
5729
-167
59
3801
1776
-601
443
-1606
-459
3159
694
1391
821
355
2795
562
6246
-768
-98
400
2877
-200
722
-219
3080
1449
1435
2344
916
3850
828
-182
-93
5620
648
756
-432
1983
1804
631
952
-108
651
892
1445
2368
4682
757
-112
-432
5785
511
2192
258
803
-51
-202
569
516
24
2219
1197
-236
1901
445
1180
2647
-85
1374
-1522
-143
1733
220
-374
105
-567
1845
1149
-311
3215
6298
-438
3912
1272
805
2295
168
510
1628
-158
-290
882
2394
-42
-197
1651
890
1459
-146
5632
2957
-185
1584
3429
-526
-122
-1695
-147
-1809
-263
-186
917
881
3137
-399
2935
2897
-88
-232
1825
2737
2180
-7
665
849
4937
-494
3546
1529
890
-175
2127
-75
678
596
3712
1355
-2054
-464
2730
1867
-350
5861
446
640
407
-192
-579
-164
4439
469
3721
2189
-1217
-188
451
3038
-1307
3175
-586
1529
2529
-217
-85
807
4137
5322
-105
-258
-1100
5109
-121
0
8387
4138
-1986
1329
667
1848
728
-729
6713
565
1639
