-313
-10
-1434
52
509
-997
-227
139
-339
-1001
-797
-307
-231
209
-967
-727
-1684
-2163
-1779
-1201
-513
-626
-708
-1691
-1939
-2305
-684
-170
-405
-460
-178
-2200
-758
-243
-188
-440
-2583
-1271
-186
-1780
265
-818
318
-60
-1924
-2299
-1039
293
-416
-1204
-87
-393
-313
-108
321
-943
182
-2478
-357
-255
-793
-2922
-2660
-389
499
-1755
-553
21
1039
-2953
131
-894
-824
-1487
-641
-866
88
-3594
-225
-410
-583
207
-783
-1733
-819
-1168
-729
-492
-786
-2490
723
-1739
-1936
-697
-276
-1288
-1629
-601
-53
539
-383
-1047
-1233
-428
-1486
-1225
-894
-727
-1533
-1106
-492
-1489
-305
-1203
-266
790
-470
114
-568
12
-498
-1139
-881
-1225
-824
574
-1058
-907
-217
-1210
344
-1159
-423
-1887
-988
-950
-870
316
544
-1095
-3056
-377
577
-2506
78
-487
-2365
-1203
-1060
-992
-738
-583
-370
855
-802
-1284
-385
-1428
21
-832
-2320
-1575
-2482
-158
-351
-530
-1293
-889
-925
-858
-1275
-1044
-252
5
-890
-1179
-816
-2718
-413
-1452
-148
-628
-14
-2891
331
-1312
-1216
-1428
-428
-1396
-1253
589
181
-3147
-1014
730
-3015
-608
-743
-1666
-71
316
-248
-2049
-869
-342
6
-1689
-53
-691
-861
-372
83
-670
-1225
-1274
-559
-351
-1144
20
-395
-669
-1148
-534
-945
-1035
-1482
935
555
-342
-1000
-2674
-2459
420
-524
-883
-770
-907
-611
-907
-709
-89
-3541
-1861
-895
-2184
160
-1399
316
311
-275
167
-122
167
-383
-666
