-351
284
-246
-351
-375
-19
104
-231
1751
227
-202
-71
-90
-552
-1258
-160
-1117
1057
-367
-111
1243
158
-210
-23
-169
-1623
-3507
-31
-102
-96
-255
-71
-71
181
-485
-198
-149
-2123
-294
-438
-91
-86
198
-28
326
-15
-246
-1260
-899
-50
-1171
-37
-341
-157
-363
-222
580
-469
-119
696
-26
-21
2030
87
-2019
-62
284
-151
-58
-165
24
836
-365
-111
-154
-86
-59
-1934
466
-104
-107
-178
-467
-61
-122
-25
-86
185
-26
374
-65
-1011
424
-922
-723
-125
-194
-137
-327
-63
-124
-2231
-108
-574
-92
429
-258
110
-212
279
-500
-1356
-691
-456
-330
16
-68
218
-225
-130
-703
-376
-302
61
-111
-753
-112
-234
-221
-1233
-257
1543
251
-37
-39
269
1358
-137
-948
426
-733
-1217
270
-70
245
-82
-233
-8
-534
-1033
-1532
-524
-956
-2077
-151
-488
-67
279
719
1032
-755
-65
-368
-122
-387
-209
1190
-702
668
-225
-563
-1335
-61
843
84
-1312
-176
-849
375
1154
-427
234
-746
-2551
-75
-737
81
-193
-4314
94
-222
-212
-20
-49
-681
-2246
1188
-1917
35
-84
-294
-185
-244
-365
-60
324
-87
-2531
206
164
-473
463
-267
-413
-1797
-266
264
-104
689
-840
-219
-1321
-76
-610
-324
-903
-1471
-378
1676
-110
-335
-331
-116
-382
-288
-831
-247
-157
-12
-321
-744
-117
-1471
-356
-702
-131
225
196
-199
-391
-313
-334
-1045
-734
-35
164
-40
-797
-604
136
-169
171
7
-459
-532
-284
-26
-939
-70
-900
962
110
-398
-203
-375
-220
-213
-608
-532
-406
-140
-1182
-2460
142
-66
-151
-3670
192
194
-1002
-225
1014
-147
-125
-159
-803
-66
-64
-93
838
-627
-222
-210
-274
561
-705
1624
-646
-111
-2820
150
542
375
467
-236
-564
-3
-360
-38
-726
-361
-249
553
-418
-245
-71
-161
-40
-113
-354
281
-671
2044
-335
-48
-165
-140
-2378
-147
1143
-686
-399
1208
286
-61
-236
874
-1565
-161
-90
22
-39
-22
-140
-79
-923
-743
-243
-1387
500
-1952
-69
-214
-58
-1859
1139
-145
318
1430
-371
-183
795
-119
-122
166
-762
-64
-85
-134
-54
-414
18
-971
569
843
-890
-736
-65
-314
-264
348
322
-259
-135
-289
-76
-68
-297
2012
356
-116
-226
-525
-823
835
-148
-65
-89
660
-691
-1687
-667
-123
-194
-1822
-119
65
70
-948
-95
-106
-293
-385
178
60
-296
-202
-796
1574
-170
598
-468
-543
-803
-101
-198
-38
1035
-184
-1504
-70
-307
-253
-415
-375
19
1058
-495
39
217
-1016
-54
-117
-502
-676
-234
-213
295
-171
-32
1067
-91
23
-59
1018
-733
113
212
-302
-89
-333
-967
-478
-122
-107
-26
-3929
-225
-222
-1265
-219
-295
555
-1583
452
-84
-41
-881
566
-181
-199
-76
990
-198
-207
1839
-535
-92
838
66
65
863
297
-1775
-118
-113
-75
-113
-115
-1111
-262
-152
