-226
-206
905
-3401
-633
-420
-137
-252
-169
-1137
-401
-123
-129
510
-621
-2811
-2915
-983
-1725
-2322
-514
-955
770
-1114
1308
2224
-1669
506
-233
-4234
-200
-2964
-3169
-286
-134
-838
-1448
-1835
-482
-311
-301
-934
-292
1903
-397
-381
-556
-479
-46
-351
-178
-1718
-2688
-80
-656
-488
-353
-94
-108
1486
-680
-26
-181
-515
-155
-2394
-2338
-113
-197
-341
-614
-1359
-839
-192
-2108
-432
-1250
137
-2187
-648
-2508
-817
-653
-1305
-481
-224
664
-791
-2404
-1616
-439
-933
-120
-955
-793
-374
-331
-576
-857
-1163
-675
-533
-301
-1069
-2669
-1268
-280
-1939
-568
-188
-2004
-142
-898
-107
-2512
-390
-52
-1917
-97
-501
-402
-121
-550
-323
-57
-115
-386
-571
-62
-604
-388
-1873
-981
-629
-639
-650
-3007
-216
-82
-2727
-725
-349
-145
-2415
-239
-380
-2725
-3238
-4506
-1918
-192
-156
-418
-105
-568
-166
-176
-4237
-1997
-505
-95
-1285
-920
-2810
-819
-141
-2551
-3227
-595
-1634
-269
-641
-406
-2111
-572
-470
-906
1908
-803
-136
3280
-446
-2054
-1235
-21
-1094
-85
-2976
-186
-436
-520
-162
-354
-326
-330
2148
-1471
-799
-489
-1109
-493
-6083
-2285
-136
-388
-128
-1574
-265
-132
3187
-49
-1296
-179
-338
-268
-455
2132
-128
768
-971
-1581
-1153
-756
-428
-1005
254
-216
-251
-125
1774
-3424
-227
-407
-1308
-730
-720
-3638
-343
-138
-454
-253
1239
351
-546
-543
-304
-682
-877
-324
-334
-177
-386
-2823
-376
-3626
-3513
-466
-3864
-275
2215
-517
-1901
-1929
-291
-351
-925
-95
-1193
-467
-2740
-1449
-62
-249
-44
-141
-2748
1322
-664
-147
-775
-921
2206
-215
-219
-531
-808
-963
-1241
-749
-3370
-2270
-745
765
2547
-241
-1904
-1546
-2236
-2659
-416
-137
-467
-187
-579
-549
-423
-293
-256
-59
-153
-2157
669
-3962
-370
-4076
-144
-194
-146
-560
-2172
-325
-109
-1004
1796
1495
-1371
-3227
-250
-26
-197
-243
-53
-306
-66
581
-2245
-2986
-762
-446
-560
-349
-5341
-509
-361
-1005
-1865
-200
-192
-859
-313
-466
-883
-327
2796
-2098
-147
834
-927
1746
-1201
-660
-510
-134
-195
-1457
-1661
-718
-732
-72
-76
-1342
-813
-935
-546
-3258
-806
-251
-773
-570
-4303
-1131
-459
-1457
-207
-391
-806
-391
-161
-303
-301
-1104
-4250
-471
-54
-677
-224
-429
-4038
-1923
-770
-430
-301
-773
-1643
-70
-1812
-1266
-1714
-241
-419
-2735
-291
-2261
-298
-4587
-198
-402
1838
-199
-315
-926
-1773
-580
-1678
-105
-301
-100
-273
-1436
-492
-2316
-132
-83
-1227
-1255
-102
-969
-298
-278
-390
-251
-210
-631
-3379
-396
-801
-826
-3180
-187
-1741
-150
-1028
-208
-239
-199
-445
-3166
-146
1157
-155
-700
2087
656
-436
-383
-1049
-159
-131
-360
-529
-485
-433
-242
-907
-176
-535
-208
-745
-3275
2878
-825
-249
-1975
-2718
-538
-2662
3424
-2622
-414
-420
-2692
-269
-277
-501
-308
-1359
426
-2677
-455
-2589
-308
-1514
-516
-1346
-94
-1064
-258
-235
-1373
-1483
-2267
-429
