-179
-27
-158
737
-413
133
-1413
330
-240
-158
984
520
584
810
-644
1557
-406
-581
-486
5594
-421
-180
-48
-375
-79
848
-693
1290
-722
-172
-828
1603
853
-228
905
166
-411
704
-157
-520
-453
1143
1405
-71
-195
-655
145
1350
-31
1690
-359
-22
-471
1820
-664
-56
-169
49
1713
-418
-105
-952
71
559
-92
1078
-420
-178
628
-679
-146
-223
-427
-83
1480
183
2846
96
-159
-453
-210
1584
-813
-667
1671
-145
-457
-81
-386
-314
354
2718
446
819
-97
124
-49
-25
-1246
-777
-149
-45
-190
102
67
658
-144
-86
-247
661
-169
-114
-686
1326
-112
-44
-67
-43
519
847
789
-657
-489
-321
603
-241
1287
-222
-25
-145
-75
-22
-60
907
1897
830
551
-504
-93
-752
1247
569
-358
-58
353
2894
545
1685
-63
12
-70
-188
-128
-302
-161
-53
35
-335
1984
-253
-276
-102
-613
433
71
-19
2835
431
-403
-1165
-735
-137
587
-67
333
-7
-98
2978
-62
-797
183
-78
266
-243
-1381
-465
-109
-25
-39
-687
19
-552
673
-447
-270
-127
313
1291
-222
-53
817
-110
-60
606
341
1063
365
-46
-52
2175
-143
-98
-418
1337
1065
-276
-617
251
-437
-12
-144
1297
2715
-206
326
-159
-56
-424
669
-245
1390
-26
-253
-404
163
-260
126
240
-990
-153
-429
2004
1760
-1224
-695
350
-55
-1282
-311
-820
-23
-717
1040
251
-113
-172
-126
-111
-18
-88
-177
-41
-297
-124
-557
-57
-1102
398
-197
952
2439
-1466
2015
1974
-20
-70
-282
-52
-299
-435
-1311
-649
2266
-1051
-178
-165
-55
-68
-177
-46
1373
-464
-1572
-102
348
-115
-92
1665
-74
1623
-21
1390
816
-94
-497
-668
1141
1774
-127
-249
-37
1532
-61
-914
-608
-197
76
405
-208
170
366
-162
925
-28
1064
-348
784
1327
-1543
-171
-123
199
-376
-113
2390
-116
-168
228
-1002
-201
258
-56
-322
138
174
1626
-256
-87
-113
2323
-65
141
-111
-120
-77
-382
1454
25
-60
429
-119
-14
452
-47
-124
810
-16
-406
-1593
-200
-309
519
-875
-266
-195
-555
374
1648
-65
-617
2303
-312
614
407
-17
-111
-586
798
-411
683
-42
607
343
29
146
-62
385
107
-22
-202
-646
1271
-316
-1492
-393
-341
-98
-895
-58
184
-50
-193
-102
-92
1417
161
1524
-371
3635
-2
1258
-1262
-69
-46
114
-116
-125
154
25
231
150
-245
-19
-646
2369
1304
682
-104
-38
-160
-55
-90
-53
453
-67
-447
-66
-315
1191
2593
1214
447
-158
2467
764
-594
-248
-737
-640
-219
-89
1220
243
-56
-84
452
-39
-93
1005
-47
133
-270
2477
936
1090
-824
-103
-563
2920
431
-440
-848
-383
627
-1267
-98
-73
-448
298
-41
332
-149
359
-793
-373
-73
-225
-251
-103
-30
-159
-1070
-127
-807
-185
-58
2909
272
-97
-103
-140
-471
