604
1208
1340
621
358
-202
-1824
1154
262
-388
3
319
755
508
-1767
10
-282
-1139
433
505
469
1614
-419
1734
-780
-970
4640
-50
798
-883
-18
-1019
2712
984
1540
-1069
-109
-974
-252
861
1378
-1489
203
-667
215
-264
147
-597
-605
2456
-1191
-1416
1647
2423
3885
1464
-4471
-872
362
-29
2
2281
979
-680
1422
-1634
-2936
2349
2247
2902
-2517
355
2130
-38
227
-1738
579
-521
93
1850
2215
-1310
2151
1501
-206
488
667
-570
1986
-2804
172
873
807
-320
-1831
1508
-1026
1514
966
4204
1541
1975
2152
-2408
306
2164
-1739
1280
718
192
-3013
2403
3621
1188
1668
-1066
-2154
-2567
1342
-138
-1378
-265
704
-2524
-54
1827
904
-187
